1.00000000 0.12440000 109.97876000
2.00000000 0.15001100 110.76187900
3.00000000 0.12892700 126.97850000
4.00000000 0.11869900 145.02011100
5.00000000 0.10837000 125.07546200
6.00000000 0.13570600 119.25309800
7.00000000 0.14802700 130.90060400
8.00000000 0.10855400 131.47337300
9.00000000 0.11384700 121.88925200
10.00000000 0.11411800 118.54024500
11.00000000 0.13976200 144.40029900
12.00000000 0.10058100 147.69952400
13.00000000 0.13951300 126.90318300
14.00000000 0.13313800 133.36441000
15.00000000 0.11888700 129.92004400
16.00000000 0.09907700 135.81655900
17.00000000 0.11290600 117.05012500
18.00000000 0.09420400 126.60334000
19.00000000 0.07317000 134.90007000
20.00000000 0.10685800 126.62194800
